## ListNet
## Epochs = 1500
## No. of features = 46
1 2 3 4 5 6 7 8 9 10 11 12 13 14 15 16 17 18 19 20 21 22 23 24 25 26 27 28 29 30 31 32 33 34 35 36 37 38 39 40 41 42 43 44 45 46
0
0 0 0.013279394926885601
0 1 -0.012000491105293803
0 2 0.03718233018008874
0 3 0.09222605575640988
0 4 0.04696465160739304
0 5 0.07589738070964813
0 6 0.04939284920692444
0 7 0.027660232037305832
0 8 0.016133641824126244
0 9 0.08746881037950516
0 10 0.060028451045152295
0 11 0.13359813735248818
0 12 0.07171187473139173
0 13 -0.024142454438826275
0 14 0.09697417087718772
0 15 0.0050363674638427385
0 16 0.04318845344747436
0 17 -0.010643229906482716
0 18 -0.10215559829399253
0 19 -0.04191508018626718
0 20 0.01996861057898886
0 21 0.16342578758284115
0 22 0.16254890266009103
0 23 0.10004893709617524
0 24 0.00684955963948813
0 25 -0.0451180807658911
0 26 0.0043032328909935365
0 27 0.14336242574740515
0 28 0.003842418154205231
0 29 0.16091467849874305
0 30 -0.01123894688150486
0 31 0.030030274920744972
0 32 -0.04882635551478996
0 33 0.07808842853241912
0 34 0.10771154695709095
0 35 0.04543576976910486
0 36 0.04505657380779699
0 37 0.14816582500006378
0 38 0.1390946596230005
0 39 0.16674725371806914
0 40 -0.08631998025133825
0 41 0.0310783028603618
0 42 -0.06725578010082245
0 43 -1.3801886384524938E-4
0 44 0.08163354280982561
0 45 0.04437018211229195
0 46 0.09242841601371765
