## RankNet
## Epochs = 100
## No. of features = 46
## No. of hidden layers = 1
## Layer 1: 10 neurons
1 2 3 4 5 6 7 8 9 10 11 12 13 14 15 16 17 18 19 20 21 22 23 24 25 26 27 28 29 30 31 32 33 34 35 36 37 38 39 40 41 42 43 44 45 46
1
10
0 0 2.784874815342891E-4 -0.025092825745415454 5.601065130248692E-4 0.1260941098777682 0.01816813087645664 -0.05675154019989236 0.032086370235192965 -0.050465284559328825 0.019492774961158928 0.0472631916532904
0 1 -0.0951861634031539 0.07149970346191133 -0.08852780238304313 0.08965794875909901 0.08187139280026756 -0.1270046444852017 0.06583455950754426 -0.04104560620435082 -0.02247148902105262 -0.05098708788331958
0 2 -0.16439639669193581 -0.016451298597335733 -0.24197848432354174 0.06379441530756065 0.08468772351125693 -0.10446563348352196 0.10191756792619479 -0.10556290739619757 -0.0029288284313603898 -0.006646526579644449
0 3 -0.028401583421148575 0.08009685704772411 0.05376159366646234 -0.0012582587571861208 -0.06512053559737979 -0.07710230780409495 -0.039953043977397955 0.014152906143353758 -0.09101392648832186 -0.04194009710709727
0 4 -0.11970417779258688 0.02237674121265498 -0.13262416690991485 0.1167244141509751 -0.013328740802178286 -0.11486484796306032 -0.009843862980300551 0.0014061175275003998 0.018396131411383847 -0.09976881433802504
0 5 -0.06010393053293228 0.08984020352363586 -0.08974458277225494 -0.07768893241882324 -0.016357898712158203 0.006589162163436413 0.03481696918606758 -0.05217935889959335 0.00877468567341566 0.015859032049775124
0 6 -0.044278811663389206 0.090797558426857 -0.09604011476039886 -0.007625102996826172 0.06087539345026016 0.010844951495528221 0.028161680325865746 0.029088985174894333 -0.05644207075238228 0.04904528334736824
0 7 -0.020904118195176125 -0.02416139282286167 0.07215524464845657 -0.09907121956348419 0.08295632898807526 0.0021754265762865543 -0.05831800028681755 -0.00905261654406786 -0.09414827078580856 -0.0545836016535759
0 8 0.09056340903043747 0.032086990773677826 -0.03469637781381607 -0.06270790100097656 -0.04258101433515549 -0.011151855811476707 -0.0952412560582161 -0.017053836956620216 -0.07681985944509506 0.0713222473859787
0 9 -0.055351726710796356 -0.09926573932170868 0.07409381121397018 0.08682584017515182 -0.004204231314361095 0.06149199604988098 -0.06061290577054024 0.088221974670887 0.09130688011646271 -0.07474520802497864
0 10 -0.036163340015189324 -0.06095470650548743 -0.11371848166200083 0.04863184272006201 -0.03163635754195212 -0.035942470073671885 0.007546320272888051 -0.025061991874032956 -0.07653394529712573 -0.06738236477903173
0 11 -0.03027743882250507 0.04099224046430974 -0.09398815590343822 0.13102233038749042 0.001253137225580859 -0.14532077108631952 -0.052636706916110644 -0.007473702316777522 0.09424566988182675 0.004503854786121142
0 12 -0.09451148514040562 0.0659656560072878 -0.2618728968684168 0.03601224308599111 0.03235069610857382 -0.09328206603764609 -0.032985364967903934 -0.15224763150547668 0.006742456576711975 -0.07919143777117957
0 13 0.06479710674541098 0.01142318230829446 -0.02327393083339068 0.020611448323969786 0.049184632087141834 0.0026632784256507055 -0.032138234492004675 -4.933724250406714E-4 0.019396150434889278 0.033210763090733765
0 14 0.053591972190617856 -0.03902324303454303 0.0013935665176917048 -0.05678299381653645 0.05171861345999106 -0.01529903257160504 -0.05413283995638556 0.019833585624009376 0.09493974004368795 -0.08197836191886133
0 15 -0.08178838745070235 -0.024431941810336363 -0.10432900627071992 0.055095375732930885 0.05073520263897713 0.0607890779768334 -0.034490233830799695 -0.0595598520358575 0.026188691854553085 -0.005279338759177968
0 16 -0.10564246949308288 0.09646116098448813 0.01787613785263513 -0.05391307460382256 0.10882218719531297 0.06198636047977833 0.03611669326500865 -0.07783836129115028 -0.039594195823915164 0.04484584797113964
0 17 0.07057290716328846 -0.06646194588165938 -0.03521013862829974 -0.06459947308113906 0.030645737369407823 -0.04268684337226757 0.019606698928348272 0.09168700758172459 -0.007802400629937849 0.09417500589463572
0 18 0.021839354396329006 -0.06435300404199534 0.0367728987847571 -0.034484479697732114 -0.11320368766180333 0.07919016002361286 -0.11424085658274163 0.016884627775589047 -0.068087525535176 0.10591676845959455
0 19 -0.10908491088916614 -0.013723237197954197 -0.14366788440604408 -0.05794672679709503 0.1143750042065318 -0.0905804743725966 -0.0634932875270226 -0.13243201185426623 -0.06766068639548752 -0.0012661733238700317
0 20 -0.14100136864337673 -0.0055752630281371215 -0.2952589668005224 0.24610992002882834 0.2715464591756733 -0.23210637536681197 0.16795414534161457 -0.3475730859519815 0.0437068080954825 -0.1460619830985236
0 21 -0.24958175491921844 -0.01447987759055691 -0.38249654524493876 0.3053581514354454 0.19872036105241722 -0.32333219645644046 0.1371933825752726 -0.3902238873799618 0.04197900250042624 0.005506281584167147
0 22 -0.23134510829693808 0.19358016192919664 -0.47537227528532455 0.3840134539674925 0.21656825699369583 -0.2703571374058781 0.02967823458142207 -0.4661628609589379 -0.011524095861401499 -0.14140880229147296
0 23 -0.29447749374464616 0.11607752737872544 -0.4075028082537418 0.17980618470055457 0.18367161752844616 -0.33731922252727814 0.1301914006814582 -0.2864623787419303 0.1524874174610284 -0.038229236069182264
0 24 -0.00837895409393386 0.12336431470058008 -0.22139519799286722 0.09454013464464162 -0.0017576533875853693 -0.00988395670743767 -0.056980652929613615 -0.0496172291459999 0.09940005606608943 -0.06060670985800048
0 25 -0.18714818168825992 -0.028945974975215713 -0.16811404769717234 0.07501786222691034 0.09710294038836412 0.0029150789009171826 0.0259790826515903 -0.20441378776217967 0.007183791301979314 -0.11099810472891491
0 26 -0.08618937035389042 -0.014274117548460533 -0.16388380997225496 0.13298648074196526 0.16740749374378103 -0.04947086273832576 -0.06121312263863212 -0.22713439522636875 -0.025917410920929553 -0.028224445328454
0 27 -0.15587789160696897 0.0057003836842516925 -0.2570980079088749 0.07229904894025188 0.12863590411661008 -0.13380655999017163 0.07803304884486766 -0.11671296991090896 0.12470021747111226 -0.05956008611790088
0 28 -0.06681397267874892 -0.0348432119265601 -0.2086943462435625 0.11528139090715812 0.158789662627813 -0.18422865153230983 0.07093304392662929 -0.1301522064669936 0.12111976882873011 -0.04019828147851323
0 29 -0.1146908176980619 0.048499934740654 -0.21075295804305128 0.06779535730350716 0.1704322168346416 -0.15395923308809853 0.011054045066420297 -0.13705226053878397 0.0011579552496990269 -0.047427296564044374
0 30 -0.06373771097760354 -0.04921939915522256 -0.2928191228232896 0.1792427390000136 0.1415656268898205 -0.16651551988767038 0.040963270617512225 -0.22661467020937132 0.0034207010641110892 0.051801559601294456
0 31 -0.07425657920279391 -4.7477632415554577E-4 -0.1401767552681156 0.16231032061866926 0.06737815771255032 -0.14212003056114164 0.09753170208452527 -0.24120541056018727 0.070742366132749 -0.02945960893767761
0 32 0.04921691440657529 0.09270858020588736 -0.022899077342749298 0.0930758722881083 0.08378459688796888 0.0017064508839503797 -0.009531534092069178 -0.004340361756938812 0.05326386293400321 -0.0016146860391224411
0 33 -0.0014022748896985325 0.09571095739311108 -0.07585272206388283 0.11272314700413565 -0.05108902611045851 -0.011757808881524164 0.047309202002773644 -0.036753262152795035 -0.0619241492340722 -0.058232207238898985
0 34 0.014153940933802733 -0.034742529522601866 -0.048267307692775395 0.09771529133524892 -0.018320897616941553 0.05059876671593822 0.06224246000196423 -0.08821787440048175 0.007221968185610278 0.0393858395431994
0 35 -0.01774081327702803 0.017379079260812936 0.032530698481842354 0.12867691493712505 0.014584202507921718 0.01652981132565832 -0.036990407725179926 -0.13398660650321337 -0.08384104072333327 0.06664444596780525
0 36 -0.30161828509623057 -0.016972073862790107 -0.405077238086336 0.17109545634588852 0.1604836528235594 -0.24298645113193623 0.008067399063909188 -0.36809915299223855 0.07894585860045306 -0.06119687642918529
0 37 -0.19461722704371062 0.14894342523504644 -0.4504584224512944 0.2955001073026325 0.19404498654495148 -0.21989240358185275 0.060520054552567204 -0.4229977769319472 0.007225444025890483 0.004289079836544573
0 38 -0.18462140435666827 0.1437233213633619 -0.5268514270148871 0.24897702279594364 0.2367310912334563 -0.2990879021125909 0.18291592098166173 -0.40534161545430736 0.07064992494401709 -0.028768526692446027
0 39 -0.3261692728728352 0.02946345317580596 -0.333668990040325 0.28611834173055084 0.1875062679964357 -0.14741595856939244 -0.0212452753121636 -0.30971259821276265 0.09229027624478968 -0.09443367729366188
0 40 0.12649610126805313 -0.07564431622389882 0.14153261622594596 -0.09230222385062158 0.005016095361915401 0.10245601919303862 0.057386075299770876 0.16410802793736007 -0.04454550625536429 0.005840216252446711
0 41 0.0031870657617247915 -0.008241926887861241 0.03798656771222407 0.021030681045388543 -0.0890889923363068 0.14092145070131956 -0.06959885849772911 0.05184182813523986 0.004269902565171191 -0.06026400406029469
0 42 0.05154189467430115 -0.01046841125935316 0.05081483721733093 0.08624707162380219 0.04060530662536621 0.0549103319644928 0.017172057181596756 -0.046531714498996735 -0.031422097235918045 -0.05855410546064377
0 43 -0.089204204669286 -0.03731792357271129 0.027198892377411955 0.0599743743982161 -0.09676525766874956 -0.026159667146964168 0.007196045734426457 0.07414449545838876 0.016711488191288 0.034141991647809095
0 44 -0.003470594458666074 -0.08522573557161887 -0.04346403714127803 -0.09312550290899697 -0.08964446134735488 -0.05980690167236219 -0.08139885663383921 0.0031497433444393325 0.009319274772990256 0.04520090445843734
0 45 0.09270989926814684 0.08116656217703698 0.02554084478076989 -0.04534331102749351 -0.006970267240283099 0.04237496402577585 -0.09682146836099925 0.10312865790511073 -0.026094195364728255 -0.04068603976005556
0 46 0.014992986367911219 0.04978040990995106 -0.013169709431510883 0.03838593262390222 -0.06495943115061915 -3.8563150826796726E-4 0.024387883771815114 0.04058278951905474 0.0755374729938009 -0.0346991447799128 -0.19397190461041416
1 0 -0.7360664736752467
1 1 0.20210559849167548
1 2 -1.0886764281958348
1 3 0.7678210544151897
1 4 0.6346561806867177
1 5 -0.7947937616426397
1 6 0.22997010429228978
1 7 -1.029977099107222
1 8 0.17306584192509528
1 9 -0.27169658464938673
